37
1 1.74846e-07 -2
-0.5 0.866025 -2
-0.5 -0.866025 -2
1 1.74846e-07 -1.11333
-0.5 0.866025 -1.11333
-0.5 -0.866025 -1.11333
1 1.74846e-07 -0.226667
-0.5 0.866025 -0.226667
-0.5 -0.866025 -0.226667
1 1.74846e-07 0.66
-0.5 0.866025 0.66
-0.5 -0.866025 0.66
1 1.74846e-07 1.54667
-0.5 0.866025 1.54667
-0.5 -0.866025 1.54667
1 1.74846e-07 2.43333
-0.5 0.866025 2.43333
-0.5 -0.866025 2.43333
0.920518 2.00832 0.289609
-0.457338 2.01092 1.08582
-0.456726 2.00832 -0.505543
0.883555 1.14264 0.287714
-0.438484 1.14746 1.05316
-0.436604 1.14264 -0.474479
0.820063 0.33165 0.284465
-0.5 0.866025 -0.226667
-0.402045 0.33165 -0.421119
0.816497 -0.389217 0.284283
-0.407003 -0.394672 0.998637
-0.400104 -0.389216 -0.418122
0.880629 -1.19451 0.287564
-0.437032 -1.1995 1.05065
-0.435012 -1.19451 -0.472022
0.918978 -2.05873 0.28953
-0.456537 -2.06141 1.08443
-0.455889 -2.05872 -0.50425
-0.5 -0.866025 2.43333
3
BSPLINESURF BSplinePlane2
6 3 C H
0 3 6 9 12 15 1 4 7 10 13 16 2 5 8 11 14 17 
END
BSPLINESURF BSplinePlane3
6 3 C H
18 21 24 27 30 33 19 22 25 28 31 34 20 23 26 29 32 35 
END
