201
0 0 0
0.444444 0 0
0.888889 0 0
1.33333 0 0
1.77778 0 0
2.22222 0 0
2.66667 0 0
3.11111 0 0
3.55556 0 0
4 0 0
0 0.444444 0
0.444444 0.444444 0
0.888889 0.444444 0
1.33333 0.444444 0
1.77778 0.444444 0
2.22222 0.444444 0
2.66667 0.444444 0
3.11111 0.444444 0
3.55556 0.444444 0
4 0.444444 0
0 0.888889 0
0.444444 0.888889 0
0.888889 0.888889 0
1.33333 0.888889 0
1.77778 0.888889 0
2.22222 0.888889 0
2.66667 0.888889 0
3.11111 0.888889 0
3.55556 0.888889 0
4 0.888889 0
0 1.33333 0
0.444444 1.33333 0
0.888889 1.33333 0
1.33333 1.33333 0
1.77778 1.33333 0
2.22222 1.33333 0
2.66667 1.33333 0
3.11111 1.33333 0
3.55556 1.33333 0
4 1.33333 0
0 1.77778 0
0.444444 1.77778 0
0.888889 1.77778 0
1.53346 1.97169 0.589359
1.97791 1.97169 0.589359
2.22222 1.77778 0
2.66667 1.77778 0
3.11111 1.77778 0
3.55556 1.77778 0
4 1.77778 0
0 2.22222 0
0.444444 2.22222 0
0.888889 2.22222 0
1.33333 2.22222 0
1.77778 2.22222 0
2.22222 2.22222 0
2.66667 2.22222 0
3.11111 2.22222 0
3.55556 2.22222 0
4 2.22222 0
0 2.66667 0
0.444444 2.66667 0
0.888889 2.66667 0
1.33333 2.66667 0
1.77778 2.66667 0
2.22222 2.66667 0
2.66667 2.66667 0
3.11111 2.66667 0
3.55556 2.66667 0
4 2.66667 0
0 3.11111 0
0.444444 3.11111 0
0.888889 3.11111 0
1.33333 3.11111 0
1.77778 3.11111 0
2.22222 3.11111 0
2.66667 3.11111 0
3.11111 3.11111 0
3.55556 3.11111 0
4 3.11111 0
0 3.55556 0
0.444444 3.55556 0
0.888889 3.55556 0
1.33333 3.55556 0
1.77778 3.55556 0
2.22222 3.55556 0
2.66667 3.55556 0
3.11111 3.55556 0
3.55556 3.55556 0
4 3.55556 0
0 4 0
0.444444 4 0
0.888889 4 0
1.33333 4 0
1.77778 4 0
2.22222 4 0
2.66667 4 0
3.11111 4 0
3.55556 4 0
4 4 0
-0.384837 1.1549 -1.91611
0.0596062 1.1549 -1.91611
0.504052 1.1549 -1.91611
0.948497 1.1549 -1.91611
1.39294 1.1549 -1.91611
1.83739 1.1549 -1.91611
2.28183 1.1549 -1.91611
2.72627 1.1549 -1.91611
3.17072 1.1549 -1.91611
3.61516 1.1549 -1.91611
-0.384837 1.19363 -1.47336
0.0596062 1.19363 -1.47336
0.504053 1.19363 -1.47336
0.948497 1.19363 -1.47336
1.39294 1.19363 -1.47336
1.83739 1.19363 -1.47336
2.28183 1.19363 -1.47336
2.72627 1.19363 -1.47336
3.17072 1.19363 -1.47336
3.61516 1.19363 -1.47336
-0.384837 1.23237 -1.03061
0.0596065 1.23237 -1.03061
0.504052 1.23237 -1.0306
0.948497 1.23237 -1.03061
1.39294 1.23237 -1.0306
1.83739 1.23237 -1.03061
2.28183 1.23237 -1.0306
2.72627 1.23237 -1.03061
3.17072 1.23237 -1.0306
3.61516 1.23237 -1.03061
-0.384837 1.2711 -0.587852
0.0596065 1.2711 -0.587852
0.504052 1.2711 -0.587852
0.948497 1.2711 -0.587852
1.39294 1.2711 -0.587852
1.83739 1.2711 -0.587852
2.28183 1.2711 -0.587852
2.72627 1.2711 -0.587852
3.17072 1.2711 -0.587852
3.61516 1.2711 -0.587852
-0.384837 1.30984 -0.145099
0.0596067 1.30984 -0.145099
0.504052 1.30984 -0.145099
0.948497 1.30984 -0.145099
1.39294 1.30984 -0.145099
1.79405 1.83152 -0.136444
2.23849 1.83152 -0.136443
2.68293 1.83152 -0.136444
3.17072 1.30984 -0.145099
3.61516 1.30984 -0.145099
-0.384837 1.34858 0.297654
0.0596068 1.34858 0.297654
0.504052 1.34858 0.297655
0.905154 1.87026 0.306309
1.3496 1.87026 0.306309
1.79405 1.87026 0.306309
2.23849 1.87026 0.306309
2.68293 1.87026 0.30631
3.17072 1.34858 0.297654
3.61516 1.34858 0.297654
-0.384837 1.38731 0.740409
0.0596067 1.38731 0.740408
0.504052 1.38731 0.740409
0.948497 1.38731 0.740409
1.39294 1.38731 0.740409
1.83739 1.38731 0.740409
2.28183 1.38731 0.740409
2.72627 1.38731 0.740409
3.17072 1.38731 0.740409
3.61516 1.38731 0.740409
-0.384837 1.42605 1.18316
0.0596067 1.42605 1.18316
0.504052 1.42605 1.18316
0.948497 1.42605 1.18316
1.39294 1.42605 1.18316
1.83739 1.42605 1.18316
2.28183 1.42605 1.18316
2.72627 1.42605 1.18316
3.17072 1.42605 1.18316
3.61516 1.42605 1.18316
-0.384837 1.46478 1.62592
0.0596067 1.46478 1.62592
0.504052 1.46478 1.62592
0.948497 1.46478 1.62592
1.39294 1.46478 1.62592
1.83739 1.46478 1.62591
2.28183 1.46479 1.62592
2.72627 1.46478 1.62591
3.17072 1.46478 1.62591
3.61516 1.46478 1.62592
-0.384837 1.50352 2.06867
0.0596064 1.50352 2.06867
0.504052 1.50352 2.06867
0.948497 1.50352 2.06867
1.39294 1.50352 2.06867
1.83739 1.50352 2.06867
2.28183 1.50352 2.06867
2.72627 1.50352 2.06867
3.17072 1.50352 2.06867
3.61516 1.50352 2.06867
0.920353 1.00658 0.352525
5
BEZIERSURF BezierPlane2
10 10 R H
0 10 20 30 40 50 60 70 80 90 1 11 21 31 41 51 61 71 81 91 2 12 22 32 42 52 62 72 82 92 3 13 23 33 43 53 63 73 83 93 4 14 24 34 44 54 64 74 84 94 5 15 25 35 45 55 65 75 85 95 6 16 26 36 46 56 66 76 86 96 7 17 27 37 47 57 67 77 87 97 8 18 28 38 48 58 68 78 88 98 9 19 29 39 49 59 69 79 89 99 
END
BEZIERSURF BezierPlane3
10 10 R H
100 110 120 130 140 150 160 170 180 190 101 111 121 131 141 151 161 171 181 191 102 112 122 132 142 152 162 172 182 192 103 113 123 133 143 153 163 173 183 193 104 114 124 134 144 154 164 174 184 194 105 115 125 135 145 155 165 175 185 195 106 116 126 136 146 156 166 176 186 196 107 117 127 137 147 157 167 177 187 197 108 118 128 138 148 158 168 178 188 198 109 119 129 139 149 159 169 179 189 199 
END
