191
0 0 0
0.444444 0 0
0.888889 0 0
1.33333 0 0
1.77778 0 0
2.22222 0 0
2.66667 0 0
3.11111 0 0
3.55556 0 0
4 0 0
0 0.444444 0
0.444444 0.444444 0
0.888889 0.444444 0
1.33333 0.444444 0
1.77778 0.444444 0
2.22222 0.444444 0
2.66667 0.444444 0
3.11111 0.444444 0
3.55556 0.444444 0
4 0.444444 0
0 0.888889 0
0.444444 0.888889 0
0.888889 0.888889 0
1.33333 0.888889 0
1.77778 0.888889 0
2.22222 0.888889 0
2.9748 1.81094 1.803
3.11111 0.888889 0
3.55556 0.888889 0
4 0.888889 0
0 1.33333 0
0.444444 1.33333 0
0.888889 1.33333 0
1.33333 1.33333 0
1.77778 1.33333 0
2.22222 1.33333 0
2.66667 1.33333 0
3.11111 1.33333 0
3.55556 1.33333 0
4 1.33333 0
0 1.77778 0
0.444444 1.77778 0
0.888889 1.77778 0
1.33333 1.77778 0
1.77778 1.77778 0
2.22222 1.77778 0
2.66667 1.77778 0
3.11111 1.77778 0
3.55556 1.77778 0
4 1.77778 0
0 2.22222 0
0.444444 2.22222 0
0.888889 2.22222 0
1.33333 2.22222 0
1.77778 2.22222 0
2.22222 2.22222 0
2.66667 2.22222 0
3.11111 2.22222 0
3.55556 2.22222 0
4 2.22222 0
0 2.66667 0
0.444444 2.66667 0
0.888889 2.66667 0
1.33333 2.66667 0
1.77778 2.66667 0
2.22222 2.66667 0
2.66667 2.66667 0
3.11111 2.66667 0
3.55556 2.66667 0
4 2.66667 0
0 3.11111 0
0.444444 3.11111 0
0.888889 3.11111 0
1.33333 3.11111 0
1.77778 3.11111 0
2.22222 3.11111 0
2.66667 3.11111 0
3.11111 3.11111 0
3.55556 3.11111 0
4 3.11111 0
0 3.55556 0
0.444444 3.55556 0
0.888889 3.55556 0
1.33333 3.55556 0
1.77778 3.55556 0
2.22222 3.55556 0
2.66667 3.55556 0
3.11111 3.55556 0
3.55556 3.55556 0
4 3.55556 0
0 4 0
0.444444 4 0
0.888889 4 0
1.19771 4.44792 0.923997
1.62848 4.41192 0.842042
2.22222 4 0
3.9346 4.4237 1.31058
4.80555 4.17157 0.899955
3.55556 4 0
5.21674 4.11506 0.628662
4.00228 1.99587 -2.23742
3.53436 3.28144 -2.23742
2.34957 3.96548 -2.23742
1.00228 3.72792 -2.23742
0.12289 2.67991 -2.23742
0.12289 1.31183 -2.23742
1.00228 0.263818 -2.23742
2.34957 0.0262532 -2.23742
3.53436 0.710294 -2.23742
4.00228 1.99587 -1.79408
3.53436 3.28144 -1.79408
2.34957 3.96548 -1.79408
1.00228 3.72792 -1.79408
0.12289 2.67991 -1.79408
0.12289 1.31183 -1.79408
1.00228 0.263818 -1.79408
2.34957 0.0262532 -1.79408
3.53436 0.710294 -1.79408
4.00228 1.99587 -1.35075
3.53436 3.28144 -1.35075
2.34957 3.96548 -1.35075
1.00228 3.72792 -1.35075
0.12289 2.67991 -1.35075
0.12289 1.31183 -1.35075
1.00228 0.263818 -1.35075
2.34957 0.0262532 -1.35075
3.53436 0.710294 -1.35075
4.00228 1.99587 -0.907416
3.53436 3.28144 -0.907416
2.34957 3.96548 -0.907416
1.00228 3.72792 -0.907416
0.12289 2.67991 -0.907416
0.12289 1.31183 -0.907416
1.00228 0.263818 -0.907416
2.34957 0.0262532 -0.907416
3.53436 0.710294 -0.907416
4.00228 1.99587 -0.464082
3.53436 3.28144 -0.464082
2.34957 3.96548 -0.464082
1.00228 3.72792 -0.464082
0.12289 2.67991 -0.464082
0.12289 1.31183 -0.464082
1.00228 0.263818 -0.464082
2.34957 0.0262532 -0.464082
3.53436 0.710294 -0.464082
4.00228 1.99587 -0.020749
3.53436 3.28144 -0.020749
2.34957 3.96548 -0.020749
1.00228 3.72792 -0.020749
0.12289 2.67991 -0.020749
0.12289 1.31183 -0.020749
1.00228 0.263818 -0.020749
2.34957 0.0262532 -0.020749
3.53436 0.710294 -0.020749
4.00228 1.99587 0.422584
3.53436 3.28144 0.422584
2.34957 3.96548 0.422584
1.00228 3.72792 0.422584
0.12289 2.67991 0.422584
0.12289 1.31183 0.422584
1.00228 0.263818 0.422584
2.34957 0.0262532 0.422584
3.53436 0.710294 0.422584
4.00228 1.99587 0.865918
3.53436 3.28144 0.865918
2.34957 3.96548 0.865918
1.00228 3.72792 0.865918
0.12289 2.67991 0.865918
0.12289 1.31183 0.865918
1.00228 0.263818 0.865918
2.34957 0.0262532 0.865918
3.53436 0.710294 0.865918
4.00228 1.99587 1.30925
3.53436 3.28144 1.30925
2.34957 3.96548 1.30925
1.00228 3.72792 1.30925
0.12289 2.67991 1.30925
0.12289 1.31183 1.30925
1.00228 0.263818 1.30925
2.34957 0.0262532 1.30925
3.53436 0.710294 1.30925
4.00228 1.99587 1.75258
3.53436 3.28144 1.75258
2.34957 3.96548 1.75258
1.00228 3.72792 1.75258
0.12289 2.67991 1.75258
0.12289 1.31183 1.75258
1.00228 0.263818 1.75258
2.34957 0.0262532 1.75258
3.53436 0.710294 1.75258
2.46713 2.92233 1.94165
5
BEZIERSURF BezierPlane0
10 10 R H
0 10 20 30 40 50 60 70 80 90 1 11 21 31 41 51 61 71 81 91 2 12 22 32 42 52 62 72 82 92 3 13 23 33 43 53 63 73 83 93 4 14 24 34 44 54 64 74 84 94 5 15 25 35 45 55 65 75 85 95 6 16 26 36 46 56 66 76 86 96 7 17 27 37 47 57 67 77 87 97 8 18 28 38 48 58 68 78 88 98 9 19 29 39 49 59 69 79 89 99 
END
BEZIERSURF BezierPlane1
10 9 C H
100 109 118 127 136 145 154 163 172 181 101 110 119 128 137 146 155 164 173 182 102 111 120 129 138 147 156 165 174 183 103 112 121 130 139 148 157 166 175 184 104 113 122 131 140 149 158 167 176 185 105 114 123 132 141 150 159 168 177 186 106 115 124 133 142 151 160 169 178 187 107 116 125 134 143 152 161 170 179 188 108 117 126 135 144 153 162 171 180 189 
END
