55
2.42156 3.83603 0.686968
3.20249 3.92437 1.14595
4.09138 3.92437 1.14595
4.98027 3.92437 1.14595
5.86916 3.92437 1.14595
6.75805 3.92437 1.14595
2.3136 4.81326 1.14595
3.20249 4.81326 1.14595
4.09138 4.81326 1.14595
4.98027 4.81326 1.14595
5.86916 4.81326 1.14595
6.75805 4.81326 1.14595
2.3136 5.70215 1.14595
3.20249 5.70215 1.14595
4.09138 5.70215 1.14595
4.98027 5.70215 1.14595
5.86916 5.70215 1.14595
6.75805 5.70215 1.14595
2.3136 6.59104 1.14595
3.20249 6.59104 1.14595
4.09138 6.59104 1.14595
5.08823 6.5027 0.686968
5.86916 6.59104 1.14595
6.75805 6.59104 1.14595
2.3136 7.47993 1.14595
3.20249 7.47993 1.14595
4.09138 7.47993 1.14595
4.98027 7.47993 1.14595
5.86916 7.47993 1.14595
6.75805 7.47993 1.14595
2.3136 8.36882 1.14595
3.20249 8.36882 1.14595
4.09138 8.36882 1.14595
4.98027 8.36882 1.14595
5.86916 8.36882 1.14595
6.75805 8.36882 1.14595
6.59361 6.01102 0.513616
3.59361 7.74307 0.513616
3.59361 4.27896 0.513616
6.59361 6.01102 0.733616
3.59361 7.74307 0.733616
3.59361 4.27896 0.733616
6.59361 6.01102 0.953616
3.59361 7.74307 0.953616
3.59361 4.27896 0.953616
6.59361 6.01102 1.17362
3.59361 7.74307 1.17362
3.59361 4.27896 1.17362
6.59361 6.01102 1.39362
3.59361 7.74307 1.39362
3.59361 4.27896 1.39362
6.59361 6.01102 1.61362
3.59361 7.74307 1.61362
3.59361 4.27896 1.61362
4.59361 6.01102 0.513616
4
BSPLINESURF BSplinePlane4
6 6 R H
0 6 12 18 24 30 1 7 13 19 25 31 2 8 14 20 26 32 3 9 15 21 27 33 4 10 16 22 28 34 5 11 17 23 29 35 
END
BSPLINESURF BSplinePlane5
6 3 C H
36 39 42 45 48 51 37 40 43 46 49 52 38 41 44 47 50 53 
END
