267
-0.0618033 0.190211 -3.75
-0.161803 0.117557 -3.75
-0.2 2.01879e-08 -3.75
-0.161803 -0.117557 -3.75
-0.0618034 -0.190211 -3.75
0.0618034 -0.190211 -3.75
0.161803 -0.117557 -3.75
0.2 7.26415e-08 -3.75
0.161803 0.117557 -3.75
0.0618034 0.190211 -3.75
-0.46304 1.41658 -3.61
-1.21304 0.871678 -3.61
-1.49951 -0.0100001 -3.61
-1.21304 -0.891678 -3.61
-0.46304 -1.43658 -3.61
0.464012 -1.43658 -3.61
1.21402 -0.891677 -3.61
1.50049 -0.00999974 -3.61
1.21402 0.871678 -3.61
0.464011 1.41658 -3.61
-0.493958 1.76169 -2.84
-1.29396 1.18046 -2.84
-1.59953 0.24 -2.84
-1.29396 -0.700456 -2.84
-0.493958 -1.28169 -2.84
0.494898 -1.28169 -2.84
1.2949 -0.700455 -2.84
1.60047 0.24 -2.84
1.2949 1.18046 -2.84
0.494897 1.76169 -2.84
-0.463255 1.53658 -1.84
-1.21326 0.99168 -1.84
-1.49973 0.31 -1.84
-1.21328 -1.07168 -1.86
-0.463255 -1.11658 -1.84
0.463797 -1.11658 -1.84
1.21378 -1.07168 -1.86
1.50027 0.31 -1.84
1.2138 0.99168 -1.84
0.463796 1.53658 -1.84
-0.464052 1.51658 -0.0900001
-1.21406 0.97168 -0.0900001
-1.50052 0.29 -0.0900001
-1.61398 -1.30368 -0.103564
-0.863557 -1.37459 -0.0719775
0.86252 -1.37459 -0.0719779
1.61289 -1.30368 -0.103564
1.49948 0.29 -0.0900001
1.213 0.97168 -0.0900001
0.462999 1.51658 -0.0900001
-0.556566 1.6319 0.48
-1.36766 0.830151 0.48627
-1.70746 0.0207359 0.480655
-1.45659 -1.05801 0.45
-0.55659 -1.7119 0.45
0.555873 -1.7119 0.45
1.45588 -1.05801 0.45
1.70674 0.0207365 0.480655
1.36695 0.830151 0.48627
0.555896 1.6319 0.48
-0.556423 1.6919 0.99
-1.36485 0.997996 0.993391
-1.70287 0.00280726 0.992917
-1.45643 -1.07801 0.99
-0.556423 -1.7319 0.99
0.55604 -1.7319 0.99
1.45604 -1.07801 0.99
1.70249 0.00280373 0.992917
1.36445 0.998004 0.993391
0.556039 1.6919 0.99
-0.464203 1.54658 2.35
-1.21421 1.00168 2.35
-1.426 0.134026 2.28499
-1.21421 -0.761678 2.35
-0.464203 -1.30658 2.35
0.462849 -1.30658 2.35
1.21285 -0.761677 2.35
1.42465 0.134029 2.28497
1.21285 1.00168 2.35
0.462848 1.54658 2.35
-0.0623916 0.750207 2.99
-0.162396 0.677559 2.99
-0.200589 0.56 2.99
-0.162396 0.442441 2.99
-0.0623916 0.369793 2.99
0.061213 0.369793 2.99
0.161217 0.442441 2.99
0.199411 0.56 2.99
0.161217 0.677559 2.99
0.0612128 0.750207 2.99
-7.17105e-05 0.57 3.09
0.00309751 0 -3.89
-0.120612 -0.236845 -2.88103
-0.320612 -0.249509 -3.02578
-0.397006 -0.27 -3.26
-0.320612 -0.290491 -3.49422
-0.120612 -0.303156 -3.63897
0.126601 -0.303156 -3.63897
0.326601 -0.290491 -3.49422
0.402994 -0.27 -3.26
0.326601 -0.249509 -3.02578
0.126601 -0.236845 -2.88103
-0.151323 -0.429035 -2.65235
-0.401324 -0.505797 -2.81698
-0.496815 -0.63 -3.08333
-0.401324 -0.754203 -3.34968
-0.151323 -0.830965 -3.51431
0.157693 -0.830965 -3.51431
0.407694 -0.754203 -3.34968
0.503185 -0.63 -3.08333
0.407694 -0.505797 -2.81698
0.157693 -0.429035 -2.65235
-0.0893605 -2.12825 -2.66492
-0.23936 -2.20531 -2.74198
-0.296656 -2.33 -2.86667
-0.23936 -2.45469 -2.99136
-0.0893604 -2.53175 -3.06842
0.0960494 -2.53175 -3.06842
0.246049 -2.45469 -2.99136
0.303344 -2.33 -2.86667
0.246049 -2.20531 -2.74198
0.0960494 -2.12825 -2.66492
-0.151411 -1.70447 -2.14
-0.401411 -1.88611 -2.14
-0.496903 -2.18 -2.14
-0.401411 -2.47389 -2.14
-0.151411 -2.65553 -2.14
0.157606 -2.65553 -2.14
0.407606 -2.47389 -2.14
0.503097 -2.18 -2.14
0.407606 -1.88611 -2.14
0.157606 -1.70447 -2.14
-0.120604 -1.88958 -1.60333
-0.320604 -2.03489 -1.60333
-0.396998 -2.27 -1.60333
-0.320604 -2.50511 -1.60333
-0.120604 -2.65042 -1.60333
0.126609 -2.65042 -1.60333
0.326609 -2.50511 -1.60333
0.403002 -2.27 -1.60333
0.326609 -2.03489 -1.60333
0.126609 -1.88958 -1.60333
-0.15153 -1.70447 -1.15667
-0.40153 -1.88611 -1.15667
-0.497022 -2.18 -1.15667
-0.40153 -2.47389 -1.15667
-0.15153 -2.65553 -1.15667
0.157486 -2.65553 -1.15667
0.407487 -2.47389 -1.15667
0.502978 -2.18 -1.15667
0.407487 -1.88611 -1.15667
0.157486 -1.70447 -1.15667
-0.120644 -1.90958 -0.719999
-0.320644 -2.05489 -0.719999
-0.397038 -2.29 -0.719999
-0.320644 -2.52511 -0.719999
-0.120644 -2.67042 -0.719999
0.126569 -2.67042 -0.719999
0.326569 -2.52511 -0.719999
0.402962 -2.29 -0.719999
0.326569 -2.05489 -0.719999
0.126569 -1.90958 -0.719999
-0.120708 -1.88958 -0.223332
-0.320708 -2.03489 -0.223332
-0.397102 -2.27 -0.223332
-0.320708 -2.50511 -0.223332
-0.120708 -2.65042 -0.223332
0.126505 -2.65042 -0.223332
0.326505 -2.50511 -0.223332
0.402898 -2.27 -0.223332
0.326505 -2.03489 -0.223332
0.126505 -1.88958 -0.223332
-0.182695 -1.19257 0.0960339
-0.482696 -1.37111 0.221054
-0.597286 -1.66 0.423335
-0.482696 -1.94889 0.625616
-0.182695 -2.12743 0.750636
0.188126 -2.12743 0.750636
0.488127 -1.94889 0.625616
0.602715 -1.66 0.423335
0.488127 -1.37111 0.221054
0.188126 -1.19257 0.096034
-0.306382 -0.434471 0.116366
-0.806384 -0.616109 0.430971
-0.997365 -0.909999 0.940001
-0.806383 -1.2039 1.44903
-0.306383 -1.38553 1.76363
0.311655 -1.38553 1.76363
0.811654 -1.2039 1.44903
1.00264 -0.909998 0.940001
0.811655 -0.61611 0.430971
0.311654 -0.434471 0.116365
-0.120777 -0.487865 0.979506
-0.320778 -0.525474 1.11986
-0.397172 -0.586325 1.34696
-0.320778 -0.647176 1.57406
-0.120778 -0.684785 1.71442
0.126436 -0.684785 1.71442
0.326436 -0.647176 1.57406
0.402829 -0.586325 1.34696
0.326436 -0.525474 1.11986
0.126436 -0.487865 0.979506
-0.0985002 5.1355 1.41013
-0.142435 5.1355 1.30406
-0.0985004 5.1355 1.198
0.0075653 5.1355 1.15406
0.113631 5.1355 1.198
0.157566 5.1355 1.30406
0.113631 5.1355 1.41013
0.00756511 5.1355 1.45406
-0.0985003 4.71884 1.41013
-0.142435 4.71883 1.30406
-0.0985012 4.71884 1.198
0.00756526 4.71883 1.15406
0.113631 4.71883 1.198
0.157566 4.71883 1.30406
0.113631 4.71884 1.41013
0.0075653 4.71884 1.45406
-0.94703 4.30216 2.25866
-1.34243 4.30217 1.30407
-0.94703 4.30217 0.34947
0.0075652 4.30217 -0.0459367
0.962159 4.30217 0.349469
1.35757 4.30217 1.30407
0.962162 4.30216 2.25865
0.0075651 4.30216 2.65406
-0.310631 3.8855 1.62226
-0.442435 3.8855 1.30405
-0.310636 3.8855 0.985871
0.00756533 3.8855 0.85406
0.325766 3.8855 0.985871
0.457565 3.8855 1.30405
0.325761 3.8855 1.62226
0.00756536 3.8855 1.75406
-0.0985009 3.46883 1.41013
-0.142435 3.46883 1.30406
-0.0985008 3.46883 1.198
0.00756518 3.46883 1.15406
0.113631 3.46883 1.198
0.157565 3.46883 1.30406
0.113631 3.46883 1.41013
0.0075652 3.46883 1.45406
-0.22245 1.14204 1.53408
-0.317727 1.14204 1.30407
-0.222449 1.14204 1.07405
0.00756504 1.14204 0.978772
0.23758 1.14204 1.07405
0.332858 1.14204 1.30406
0.23758 1.14204 1.53408
0.00756529 1.14204 1.62935
-0.239921 0.968833 1.55155
-0.342435 0.968834 1.30406
-0.239922 0.968834 1.05658
0.00756507 0.968833 0.954063
0.255052 0.968834 1.05658
0.357566 0.968834 1.30406
0.255054 0.968833 1.55155
0.00756483 0.968833 1.65406
0.00756234 2.14218 0.71024
-0.412355 2.14218 0.884197
-0.586258 2.14218 1.30408
-0.412322 2.14218 1.72397
0.00756247 2.14218 1.89788
0.42745 2.14218 1.72397
0.601388 2.14218 1.30408
0.427484 2.14218 0.884197
0.237548 0.84204 1.49408
4
BSPLINESURF BSplinePlane23
11 10 C H
91 0 10 20 30 40 50 60 70 80 90 91 1 11 21 31 41 51 61 71 81 90 91 2 12 22 32 42 52 62 72 82 90 91 3 13 23 33 43 53 63 73 83 90 91 4 14 24 34 44 54 64 74 84 90 91 5 15 25 35 45 55 65 75 85 90 91 6 16 26 36 46 56 66 76 86 90 91 7 17 27 37 47 57 67 77 87 90 91 8 18 28 38 48 58 68 78 88 90 91 9 19 29 39 49 59 69 79 89 90 
END
BSPLINESURF BSplinePlane24
11 10 C H
92 102 112 122 132 142 152 162 172 182 192 93 103 113 123 133 143 153 163 173 183 193 94 104 114 124 134 144 154 164 174 184 194 95 105 115 125 135 145 155 165 175 185 195 96 106 116 126 136 146 156 166 176 186 196 97 107 117 127 137 147 157 167 177 187 197 98 108 118 128 138 148 158 168 178 188 198 99 109 119 129 139 149 159 169 179 189 199 100 110 120 130 140 150 160 170 180 190 200 101 111 121 131 141 151 161 171 181 191 201 
END
BSPLINESURF BSplinePlane25
11 8 C H
202 210 218 226 234 261 261 261 261 242 250 203 211 219 227 235 260 260 260 260 243 251 204 212 220 228 236 259 259 259 259 244 252 205 213 221 229 237 258 258 258 258 245 253 206 214 222 230 238 265 265 265 265 246 254 207 215 223 231 239 264 264 264 264 247 255 208 216 224 232 240 263 263 263 263 248 256 209 217 225 233 241 262 262 262 262 249 257 
END
