267
-0.0618033 0.190211 -3.75
-0.161803 0.117557 -3.75
-0.2 2.01879e-08 -3.75
-0.161803 -0.117557 -3.75
-0.0618034 -0.190211 -3.75
0.0618034 -0.190211 -3.75
0.161803 -0.117557 -3.75
0.2 7.26415e-08 -3.75
0.161803 0.117557 -3.75
0.0618034 0.190211 -3.75
-0.46304 1.41658 -3.61
-1.21304 0.871678 -3.61
-1.49951 -0.0100001 -3.61
-1.21304 -0.891678 -3.61
-0.46304 -1.43658 -3.61
0.464012 -1.43658 -3.61
1.21402 -0.891677 -3.61
1.50049 -0.00999974 -3.61
1.21402 0.871678 -3.61
0.464011 1.41658 -3.61
-0.493958 1.76169 -2.84
-1.29396 1.18046 -2.84
-1.59953 0.24 -2.84
-1.29396 -0.700456 -2.84
-0.493958 -1.28169 -2.84
0.494898 -1.28169 -2.84
1.2949 -0.700455 -2.84
1.60047 0.24 -2.84
1.2949 1.18046 -2.84
0.494897 1.76169 -2.84
-0.463255 1.53658 -1.84
-1.21326 0.99168 -1.84
-1.49973 0.31 -1.84
-1.21328 -1.07168 -1.86
-0.463255 -1.11658 -1.84
0.463797 -1.11658 -1.84
1.21378 -1.07168 -1.86
1.50027 0.31 -1.84
1.2138 0.99168 -1.84
0.463796 1.53658 -1.84
-0.464052 1.51658 -0.0900001
-1.21406 0.97168 -0.0900001
-1.50052 0.29 -0.0900001
-1.61398 -1.30368 -0.103564
-0.863557 -1.37459 -0.0719775
0.86252 -1.37459 -0.0719779
1.61289 -1.30368 -0.103564
1.49948 0.29 -0.0900001
1.213 0.97168 -0.0900001
0.462999 1.51658 -0.0900001
-0.556566 1.6319 0.48
-1.36766 0.830151 0.48627
-1.70746 0.0207359 0.480655
-1.45659 -1.05801 0.45
-0.55659 -1.7119 0.45
0.555873 -1.7119 0.45
1.45588 -1.05801 0.45
1.70674 0.0207365 0.480655
1.36695 0.830151 0.48627
0.555896 1.6319 0.48
-0.556423 1.6919 0.99
-1.36485 0.997996 0.993391
-1.70287 0.00280726 0.992917
-1.45643 -1.07801 0.99
-0.556423 -1.7319 0.99
0.55604 -1.7319 0.99
1.45604 -1.07801 0.99
1.70249 0.00280373 0.992917
1.36445 0.998004 0.993391
0.556039 1.6919 0.99
-0.464203 1.54658 2.35
-1.21421 1.00168 2.35
-1.426 0.134026 2.28499
-1.21421 -0.761678 2.35
-0.464203 -1.30658 2.35
0.462849 -1.30658 2.35
1.21285 -0.761677 2.35
1.42465 0.134029 2.28497
1.21285 1.00168 2.35
0.462848 1.54658 2.35
-0.0623916 0.750207 2.99
-0.162396 0.677559 2.99
-0.200589 0.56 2.99
-0.162396 0.442441 2.99
-0.0623916 0.369793 2.99
0.061213 0.369793 2.99
0.161217 0.442441 2.99
0.199411 0.56 2.99
0.161217 0.677559 2.99
0.0612128 0.750207 2.99
-7.17105e-05 0.57 3.09
0.00309751 0 -3.89
-0.120612 -0.236845 -2.88103
-0.320612 -0.249509 -3.02578
-0.397006 -0.27 -3.26
-0.320612 -0.290491 -3.49422
-0.120612 -0.303156 -3.63897
0.126601 -0.303156 -3.63897
0.326601 -0.290491 -3.49422
0.402994 -0.27 -3.26
0.326601 -0.249509 -3.02578
0.126601 -0.236845 -2.88103
-0.151323 -0.429035 -2.65235
-0.401324 -0.505797 -2.81698
-0.496815 -0.63 -3.08333
-0.401324 -0.754203 -3.34968
-0.151323 -0.830965 -3.51431
0.157693 -0.830965 -3.51431
0.407694 -0.754203 -3.34968
0.503185 -0.63 -3.08333
0.407694 -0.505797 -2.81698
0.157693 -0.429035 -2.65235
-0.0893605 -2.12825 -2.66492
-0.23936 -2.20531 -2.74198
-0.296656 -2.33 -2.86667
-0.23936 -2.45469 -2.99136
-0.0893604 -2.53175 -3.06842
0.0960494 -2.53175 -3.06842
0.246049 -2.45469 -2.99136
0.303344 -2.33 -2.86667
0.246049 -2.20531 -2.74198
0.0960494 -2.12825 -2.66492
-0.151411 -1.70447 -2.14
-0.401411 -1.88611 -2.14
-0.496903 -2.18 -2.14
-0.401411 -2.47389 -2.14
-0.151411 -2.65553 -2.14
0.157606 -2.65553 -2.14
0.407606 -2.47389 -2.14
0.503097 -2.18 -2.14
0.407606 -1.88611 -2.14
0.157606 -1.70447 -2.14
-0.120604 -1.88958 -1.60333
-0.320604 -2.03489 -1.60333
-0.396998 -2.27 -1.60333
-0.320604 -2.50511 -1.60333
-0.120604 -2.65042 -1.60333
0.126609 -2.65042 -1.60333
0.326609 -2.50511 -1.60333
0.403002 -2.27 -1.60333
0.326609 -2.03489 -1.60333
0.126609 -1.88958 -1.60333
-0.15153 -1.70447 -1.15667
-0.40153 -1.88611 -1.15667
-0.497022 -2.18 -1.15667
-0.40153 -2.47389 -1.15667
-0.15153 -2.65553 -1.15667
0.157486 -2.65553 -1.15667
0.407487 -2.47389 -1.15667
0.502978 -2.18 -1.15667
0.407487 -1.88611 -1.15667
0.157486 -1.70447 -1.15667
-0.120644 -1.90958 -0.719999
-0.320644 -2.05489 -0.719999
-0.397038 -2.29 -0.719999
-0.320644 -2.52511 -0.719999
-0.120644 -2.67042 -0.719999
0.126569 -2.67042 -0.719999
0.326569 -2.52511 -0.719999
0.402962 -2.29 -0.719999
0.326569 -2.05489 -0.719999
0.126569 -1.90958 -0.719999
-0.120708 -1.88958 -0.223332
-0.320708 -2.03489 -0.223332
-0.397102 -2.27 -0.223332
-0.320708 -2.50511 -0.223332
-0.120708 -2.65042 -0.223332
0.126505 -2.65042 -0.223332
0.326505 -2.50511 -0.223332
0.402898 -2.27 -0.223332
0.326505 -2.03489 -0.223332
0.126505 -1.88958 -0.223332
-0.182695 -1.19257 0.0960339
-0.482696 -1.37111 0.221054
-0.597286 -1.66 0.423335
-0.482696 -1.94889 0.625616
-0.182695 -2.12743 0.750636
0.188126 -2.12743 0.750636
0.488127 -1.94889 0.625616
0.602715 -1.66 0.423335
0.488127 -1.37111 0.221054
0.188126 -1.19257 0.096034
-0.306382 -0.434471 0.116366
-0.806384 -0.616109 0.430971
-0.997365 -0.909999 0.940001
-0.806383 -1.2039 1.44903
-0.306383 -1.38553 1.76363
0.311655 -1.38553 1.76363
0.811654 -1.2039 1.44903
1.00264 -0.909998 0.940001
0.811655 -0.61611 0.430971
0.311654 -0.434471 0.116365
-0.120777 -0.487865 0.979506
-0.320778 -0.525474 1.11986
-0.397172 -0.586325 1.34696
-0.320778 -0.647176 1.57406
-0.120778 -0.684785 1.71442
0.126436 -0.684785 1.71442
0.326436 -0.647176 1.57406
0.402829 -0.586325 1.34696
0.326436 -0.525474 1.11986
0.126436 -0.487865 0.979506
-0.0985002 5.1355 1.41013
-0.142435 5.1355 1.30406
-0.0985004 5.1355 1.198
0.0075653 5.1355 1.15406
0.113631 5.1355 1.198
0.157566 5.1355 1.30406
0.113631 5.1355 1.41013
0.00756511 5.1355 1.45406
-0.0985003 4.71884 1.41013
-0.142435 4.71883 1.30406
-0.0985012 4.71884 1.198
0.00756526 4.71883 1.15406
0.113631 4.71883 1.198
0.157566 4.71883 1.30406
0.113631 4.71884 1.41013
0.0075653 4.71884 1.45406
-0.94703 4.30216 2.25866
-1.34243 4.30217 1.30407
-0.94703 4.30217 0.34947
0.0075652 4.30217 -0.0459367
0.962159 4.30217 0.349469
1.35757 4.30217 1.30407
0.962162 4.30216 2.25865
0.0075651 4.30216 2.65406
-0.310631 3.8855 1.62226
-0.442435 3.8855 1.30405
-0.310636 3.8855 0.985871
0.00756533 3.8855 0.85406
0.325766 3.8855 0.985871
0.457565 3.8855 1.30405
0.325761 3.8855 1.62226
0.00756536 3.8855 1.75406
-0.0985009 3.46883 1.41013
-0.142435 3.46883 1.30406
-0.0985008 3.46883 1.198
0.00756518 3.46883 1.15406
0.113631 3.46883 1.198
0.157565 3.46883 1.30406
0.113631 3.46883 1.41013
0.0075652 3.46883 1.45406
-0.22245 1.14204 1.53408
-0.317727 1.14204 1.30407
-0.222449 1.14204 1.07405
0.00756504 1.14204 0.978772
0.23758 1.14204 1.07405
0.332858 1.14204 1.30406
0.23758 1.14204 1.53408
0.00756529 1.14204 1.62935
-0.239921 0.968833 1.55155
-0.342435 0.968834 1.30406
-0.239922 0.968834 1.05658
0.00756507 0.968833 0.954063
0.255052 0.968834 1.05658
0.357566 0.968834 1.30406
0.255054 0.968833 1.55155
0.00756483 0.968833 1.65406
0.00756234 2.14218 0.71024
-0.412355 2.14218 0.884197
-0.586258 2.14218 1.30408
-0.412322 2.14218 1.72397
0.00756247 2.14218 1.89788
0.42745 2.14218 1.72397
0.601388 2.14218 1.30408
0.427484 2.14218 0.884197
0.237285 0.45204 1.16408
6
BSPLINESURF BSplinePlane0
11 10 C H
91 0 10 20 30 40 50 60 70 80 90 91 1 11 21 31 41 51 61 71 81 90 91 2 12 22 32 42 52 62 72 82 90 91 3 13 23 33 43 53 63 73 83 90 91 4 14 24 34 44 54 64 74 84 90 91 5 15 25 35 45 55 65 75 85 90 91 6 16 26 36 46 56 66 76 86 90 91 7 17 27 37 47 57 67 77 87 90 91 8 18 28 38 48 58 68 78 88 90 91 9 19 29 39 49 59 69 79 89 90 
END
BSPLINESURF BSplinePlane1
11 10 C H
92 102 112 122 132 142 152 162 172 182 192 93 103 113 123 133 143 153 163 173 183 193 94 104 114 124 134 144 154 164 174 184 194 95 105 115 125 135 145 155 165 175 185 195 96 106 116 126 136 146 156 166 176 186 196 97 107 117 127 137 147 157 167 177 187 197 98 108 118 128 138 148 158 168 178 188 198 99 109 119 129 139 149 159 169 179 189 199 100 110 120 130 140 150 160 170 180 190 200 101 111 121 131 141 151 161 171 181 191 201 
END
BSPLINESURF BSplinePlane2
11 8 C H
202 210 218 226 234 261 261 261 261 242 250 203 211 219 227 235 260 260 260 260 243 251 204 212 220 228 236 259 259 259 259 244 252 205 213 221 229 237 258 258 258 258 245 253 206 214 222 230 238 265 265 265 265 246 254 207 215 223 231 239 264 264 264 264 247 255 208 216 224 232 240 263 263 263 263 248 256 209 217 225 233 241 262 262 262 262 249 257 
END
INTERS Intersection0
52 BSplinePlane0 BSplinePlane1
0.313642 0.555903 1.00426 0.853381
0.319645 0.546651 0.978488 0.845651
0.326051 0.539499 0.951283 0.838611
0.332792 0.534331 0.922883 0.832796
0.339785 0.531082 0.89366 0.828812
0.34692 0.529605 0.864007 0.827006
0.35411 0.529814 0.834176 0.827509
0.361274 0.531792 0.804383 0.83033
0.368321 0.535686 0.774945 0.835219
0.375178 0.541634 0.746161 0.841677
0.381763 0.549898 0.718276 0.849203
0.387985 0.560811 0.691601 0.857323
0.393834 0.574491 0.666586 0.865599
0.399327 0.590792 0.643651 0.873821
0.404336 0.609111 0.623056 0.881991
0.408393 0.628381 0.604452 0.890093
0.411285 0.647554 0.587389 0.898053
0.413125 0.665888 0.571555 0.905864
0.414069 0.682972 0.556655 0.913531
0.414233 0.69867 0.542388 0.921052
0.413663 0.713 0.528418 0.928402
0.412299 0.726032 0.514302 0.935522
0.409884 0.737765 0.499319 0.942246
0.405795 0.747893 0.48224 0.948119
0.401228 0.757715 0.465835 0.953938
0.395538 0.766074 0.449072 0.958979
0.388903 0.773162 0.431937 0.963276
0.381428 0.779026 0.41438 0.966837
0.373201 0.783609 0.396366 0.969615
0.364338 0.786774 0.377922 0.971508
0.355051 0.788452 0.359176 0.972486
0.345593 0.788636 0.340278 0.97257
0.336224 0.78731 0.321384 0.971757
0.327213 0.784466 0.302672 0.970032
0.318835 0.780118 0.284358 0.967374
0.311314 0.774361 0.266638 0.963834
0.304746 0.767375 0.249572 0.95955
0.299189 0.759259 0.233182 0.954602
0.294682 0.750038 0.217494 0.949037
0.291248 0.739658 0.202544 0.942887
0.288842 0.728063 0.188261 0.936237
0.287333 0.715241 0.174348 0.929222
0.286601 0.701138 0.160453 0.92195
0.286604 0.685673 0.146252 0.914487
0.287378 0.668811 0.131442 0.90687
0.289028 0.650658 0.115729 0.899111
0.291703 0.631572 0.098823 0.891207
0.295533 0.612246 0.0804208 0.883161
0.300392 0.593681 0.060123 0.875036
0.30579 0.576995 0.0375101 0.86686
0.311553 0.562868 0.0127759 0.858614
0.31769 0.551506 -0.0136734 0.850464
END
INTERS Intersection1
29 BSplinePlane0 BSplinePlane1
0.317469 0.254159 -0.0162332 0.0518778
0.311246 0.244234 0.0211179 0.0480642
0.306992 0.232573 0.0584451 0.0442582
0.305044 0.219584 0.095944 0.0407218
0.305549 0.205848 0.133421 0.0375531
0.308364 0.191983 0.170716 0.0346496
0.313454 0.178762 0.207695 0.0319072
0.320555 0.16693 0.244041 0.0292459
0.329466 0.1574 0.279822 0.0268311
0.339963 0.151613 0.315341 0.0252573
0.351192 0.150418 0.350548 0.0249579
0.362073 0.153714 0.38533 0.0258903
0.371859 0.160615 0.419763 0.0276298
0.38033 0.169879 0.454304 0.0296841
0.38733 0.180802 0.490167 0.0319032
0.392088 0.193312 0.530712 0.0346022
0.39514 0.206927 0.568904 0.0375389
0.39555 0.220609 0.606783 0.0407829
0.39341 0.233518 0.644403 0.0443868
0.388982 0.245057 0.68175 0.048235
0.38261 0.254829 0.719098 0.0520618
0.374597 0.262455 0.756501 0.055492
0.365424 0.267785 0.794162 0.0581437
0.355514 0.270666 0.832171 0.0596992
0.345312 0.270984 0.870377 0.059943
0.335278 0.268806 0.908838 0.0588527
0.325916 0.264026 0.947476 0.0564956
0.31776 0.256757 0.985951 0.0531533
0.311321 0.247271 1.02405 0.0492441
END
INTERS Intersection2
31 BSplinePlane0 BSplinePlane2
0.891027 0.766611 1.01859 0.948929
0.89157 0.776566 0.985654 0.949878
0.89036 0.786125 0.952216 0.950298
0.887343 0.795069 0.918107 0.950257
0.882353 0.803046 0.883163 0.949836
0.875393 0.809589 0.847637 0.949211
0.86685 0.814373 0.811837 0.948654
0.857215 0.817072 0.775872 0.948356
0.847143 0.817373 0.740003 0.94838
0.837365 0.815431 0.704632 0.948753
0.828419 0.811536 0.66974 0.949405
0.820736 0.805894 0.635123 0.950151
0.81465 0.798731 0.600756 0.950758
0.810219 0.790384 0.566539 0.951079
0.807535 0.78105 0.532169 0.950943
0.806856 0.770894 0.497492 0.950152
0.808241 0.7602 0.462809 0.948694
0.811627 0.749343 0.428443 0.946753
0.817105 0.739217 0.394785 0.944696
0.822942 0.729453 0.36179 0.942564
0.830137 0.721002 0.328629 0.940559
0.838354 0.714608 0.294988 0.939002
0.847258 0.711106 0.260687 0.938151
0.856417 0.711337 0.225858 0.938166
0.865244 0.715604 0.191047 0.939063
0.87325 0.723041 0.156529 0.940695
0.880103 0.732622 0.122191 0.9428
0.885487 0.743462 0.0879412 0.945047
0.88924 0.754677 0.0537516 0.947127
0.891312 0.765637 0.0193866 0.948812
0.891536 0.776114 -0.015118 0.949932
END
